[io/github/TheWisker/Cavasik]
color-profiles=[('Default', [(53, 132, 228, 1.0)], []), ('profile_green', [(65, 213, 117, 1.0), (150, 215, 101, 1.0), (29, 125, 224, 1.0), (65, 213, 117, 1.0), (214, 162, 46, 1.0), (115, 223, 184, 1.0)], [(255, 255, 255, 0.0)]), ('profile_blue', [(220, 138, 221, 1.0), (246, 97, 81, 1.0), (255, 190, 111, 1.0), (143, 240, 164, 1.0), (153, 193, 241, 1.0), (220, 138, 221, 1.0), (98, 160, 234, 1.0)], [(255, 255, 255, 0.0)])]
mirror-sync=true
color-animation-length=5
widgets-style='light'
bars=60
channels='stereo'
reverse-order=true
noise-reduction=0.77000000000000002
active-color-profile=1
color-animation=true
borderless-window=true
sharp-corners=false
window-controls=false
autohide-header=true
color-animation-target=2

size=(960, 540)
maximized=true

[org/gtk/gtk4/settings/color-chooser]
selected-color=(true, 0.38431373238563538, 0.62745100259780884, 0.91764706373214722, 1.0)
custom-colors=[(0.21176470816135406, 0.7450980544090271, 0.87843137979507446, 1.0), (0.49411764740943909, 0.81176471710205078, 0.89019608497619629, 1.0), (0.49411764740943909, 0.81176483631134033, 0.89019608497619629, 1.0), (0.11372549086809158, 0.49019607901573181, 0.87843137979507446, 1.0), (0.21176467835903168, 0.74509787559509277, 0.87843137979507446, 1.0), (0.729411780834198, 0.80392158031463623, 0.81960785388946533, 1.0), (0.25490197539329529, 0.83529412746429443, 0.45882353186607361, 1.0), (1.0, 1.0, 1.0, 0.0)]
